8 0.25471022128556375 0.06738775510204083 0.09128556375131718 0.09314285714285714
10 0.41675447839831403 0.06473469387755101 0.1076923076923077 0.09191836734693877
8 0.09897787144362488 0.25598979591836735 0.0959536354056902 0.09483673469387754
8 0.26355110642781876 0.2568061224489796 0.10055848261327714 0.09646938775510205
3 0.42665964172813486 0.2584387755102041 0.09462592202318229 0.09973469387755102
3 0.5868177028451 0.25313265306122446 0.09797681770284511 0.0972857142857143
3 0.751190727081138 0.2543571428571429 0.08951527924130664 0.09157142857142857
3 0.9111275026343519 0.25905102040816325 0.0932876712328767 0.08871428571428572
8 0.9005900948366702 0.06983673469387755 0.09750263435194942 0.09804081632653061
8 0.7387565858798736 0.0653469387755102 0.0941622760800843 0.09722448979591837
8 0.5785985247629084 0.06922448979591837 0.09418335089567965 0.09273469387755101
3 0.09581664910432035 0.471530612244898 0.10227608008429927 0.10143877551020408
3 0.26586933614330877 0.4756122448979592 0.09255005268703899 0.09327551020408163
3 0.42096944151738674 0.4719387755102041 0.09926238145416227 0.09409183673469387
8 0.5887144362486829 0.4735714285714286 0.09755532139093782 0.09735714285714285
22 0.747186512118019 0.4754081632653061 0.09415173867228661 0.09694897959183674
8 0.9144994731296101 0.4745918367346939 0.10003161222339305 0.09531632653061224
8 0.10129610115911486 0.6764591836734694 0.08794520547945205 0.10313265306122449
8 0.2646048472075869 0.674826530612245 0.09845100105374079 0.09986734693877551
8 0.4230769230769231 0.674826530612245 0.09504741833508958 0.09986734693877551
8 0.5899789251844046 0.674826530612245 0.09165437302423604 0.09986734693877551
1 0.7509799789251843 0.6809591836734694 0.1101685985247629 0.10394897959183674
1 0.918082191780822 0.6799387755102041 0.10298208640674394 0.10598979591836735
1 0.0979241306638567 0.8579183673469387 0.13177028451001052 0.10277551020408163
1 0.2587038988408851 0.8544489795918367 0.12036880927291886 0.09991836734693878
1 0.421390937829294 0.8573061224489795 0.12539515279241306 0.1138061224489796
1 0.5838672286617492 0.8609795918367347 0.11736564805057956 0.0966530612244898
1 0.7457112750263435 0.8566938775510203 0.12070600632244467 0.1085
1 0.9045943097997893 0.8575102040816327 0.1265858798735511 0.1101326530612245