4 0.11051020408163265 0.12402231926249394 0.13161224489795917 0.06159631246967492
4 0.30306122448979594 0.12336244541484716 0.13018367346938775 0.06469674915089763
4 0.49701020408163266 0.12291606016496846 0.12223469387755102 0.06380883066472585
4 0.6967857142857143 0.12424551188743328 0.12127551020408163 0.057607957302280445
4 0.8839795918367347 0.12380397865114022 0.12310204081632653 0.05672489082969432
4 0.1046938775510204 0.23376516254245513 0.1246326530612245 0.06185346918971373
4 0.30306122448979594 0.23509461426491993 0.13018367346938775 0.06451237263464338
4 0.49142857142857144 0.23431829209121785 0.12968367346938775 0.06074721009218826
4 0.6956224489795919 0.2334303736050461 0.12360204081632653 0.05897137311984474
4 0.8870102040816327 0.2338767588549248 0.1245 0.059859291606016496
11 0.11005102040816325 0.34250849102377484 0.1213673469387755 0.06232896652110626
11 0.3000408163265306 0.34394953905870934 0.12878571428571428 0.06299369238233868
11 0.49864285714285717 0.3435031538088307 0.1301530612244898 0.06210577389616691
21 0.6932857142857143 0.3410674429888404 0.12825510204081633 0.06166424065987385
11 0.8860714285714286 0.3435031538088307 0.12263265306122449 0.06210577389616691
11 0.10655102040816326 0.45235807860262006 0.12835714285714286 0.06059194565744784
11 0.30120408163265305 0.45291120815138286 0.1264591836734694 0.05948568655992237
11 0.5000408163265306 0.4533575934012615 0.12363265306122449 0.06036875303250849
5 0.10981632653061225 0.5629839883551674 0.12556122448979593 0.06262008733624454
7 0.30562244897959184 0.5619893255701116 0.12133673469387755 0.06283842794759825
7 0.5000408163265306 0.5619893255701116 0.12363265306122449 0.06283842794759825
7 0.6921224489795919 0.5615477923338185 0.13058163265306122 0.06195536147501213
7 0.8853775510204082 0.5619893255701116 0.1352142857142857 0.06283842794759825
7 0.11074489795918367 0.6707326540514313 0.1274183673469388 0.06331877729257641
5 0.304 0.6694032023289666 0.13205102040816327 0.06065987384764677
5 0.49678571428571433 0.6708442503639009 0.12642857142857145 0.061324599708879185
5 0.6925918367346939 0.6701795245026686 0.12220408163265306 0.06442503639010189
5 0.8877040816326531 0.6706210577389617 0.13055102040816327 0.06530810286268801
7 0.6923673469387754 0.7809898107714701 0.12501020408163266 0.06012130033964095