8 0.9156833333333333 0.3626086956521739 0.11018333333333333 0.21211594202898554
8 0.3680333333333333 0.8280289855072465 0.09778333333333333 0.18655072463768116
8 0.07128333333333334 0.5927536231884057 0.14256666666666667 0.23344927536231885
8 0.33776666666666666 0.5940869565217392 0.11726666666666667 0.20402898550724638
8 0.47711666666666663 0.5954202898550724 0.11293333333333334 0.22808695652173913
21 0.20753333333333332 0.570463768115942 0.10083333333333333 0.1888695652173913
21 0.5015999999999999 0.8568115942028987 0.1232 0.2768405797101449
21 0.5012166666666666 0.8855652173913043 0.08524999999999999 0.13391304347826088
3 0.21906666666666666 0.1128695652173913 0.12391666666666666 0.2122028985507246
3 0.46290000000000003 0.11730434782608695 0.12344999999999999 0.22110144927536232
3 0.8299166666666666 0.12646376811594204 0.10478333333333333 0.18944927536231884
10 0.22931666666666667 0.8271304347826087 0.13416666666666666 0.20617391304347824
10 0.35609999999999997 0.35881159420289854 0.10881666666666667 0.19739130434782606
4 0.9450333333333333 0.11976811594202899 0.10531666666666667 0.19391304347826088
4 0.07984999999999999 0.10947826086956523 0.13056666666666666 0.21895652173913047
4 0.34314999999999996 0.11530434782608696 0.10138333333333333 0.1849855072463768
4 0.5832666666666666 0.11420289855072463 0.09551666666666667 0.1827536231884058
9 0.2170166666666667 0.3438840579710145 0.09725 0.17823188405797102
9 0.49315 0.35794202898550725 0.11421666666666667 0.2170144927536232
9 0.7808166666666667 0.36394202898550726 0.12349999999999998 0.21834782608695652
1 0.9242666666666666 0.8275652173913043 0.14173333333333335 0.21420289855072466
1 0.6365999999999999 0.34655072463768116 0.14270000000000002 0.20855072463768118
1 0.07641666666666667 0.35881159420289854 0.15281666666666666 0.23307246376811594
1 0.7135166666666667 0.11643478260869566 0.13246666666666668 0.18721739130434784
8 0.61095 0.5914202898550724 0.12218333333333334 0.2093623188405797
8 0.91465 0.5862898550724638 0.11223333333333334 0.2062608695652174
1 0.7655666666666666 0.5972173913043478 0.13606666666666667 0.20669565217391306
7 0.6448 0.8523188405797102 0.13655 0.2851014492753623
8 0.7899166666666666 0.7925507246376812 0.09248333333333333 0.15489855072463768