20 0.06071875 0.5069297297297297 0.1159375 0.1957081081081081
8 0.19908125 0.5030378378378378 0.1151625 0.196572972972973
22 0.2637 0.33609729729729726 0.11190625000000001 0.19132972972972973
4 0.35269375 0.4896324324324325 0.1098875 0.19569729729729732
11 0.39456874999999997 0.33825945945945946 0.10613125 0.1870054054054054
9 0.69141875 0.33825945945945946 0.11233125 0.1870054054054054
11 0.866275 0.20504864864864863 0.10455624999999999 0.16274594594594594
12 0.46181249999999996 0.21392432432432432 0.14561875000000002 0.24535135135135133
9 0.92376875 0.47600000000000003 0.12954375 0.09492972972972973
1 0.06384375 0.21304864864864864 0.0996875 0.19172972972972974
8 0.19570625 0.2126162162162162 0.10591875 0.1822054054054054
1 0.326825 0.21456216216216217 0.09564375 0.19908108108108108
1 0.60105 0.21326486486486487 0.09910000000000001 0.18782702702702703