7 0.18453846153846154 0.8383333333333334 0.10677692307692307 0.17826892109500805
8 0.8325615384615384 0.6553301127214171 0.10282307692307692 0.10614331723027376
19 0.7208461538461539 0.6531159420289855 0.09860769230769231 0.11379227053140098
18 0.6048923076923077 0.6535104669887278 0.09363076923076923 0.10654589371980677
27 0.4949 0.6551288244766506 0.10441538461538462 0.10976650563607086
25 0.2691461538461538 0.6577455716586151 0.10676153846153845 0.1109742351046699
23 0.15973846153846152 0.653317230273752 0.10716153846153846 0.11016908212560388
21 0.05301538461538462 0.6575442834138486 0.10525384615384617 0.11459742351046699
21 0.05955384615384616 0.8363204508856683 0.11063846153846155 0.18229468599033816
8 0.9462076923076923 0.5019243156199678 0.10318461538461537 0.113341384863124
8 0.8350615384615384 0.5037359098228663 0.10397692307692306 0.112938808373591
8 0.7233461538461539 0.5045410628019323 0.09976153846153846 0.11454911433172303
8 0.6095076923076923 0.5047423510466988 0.10286153846153846 0.11092592592592593
8 0.4972076923076923 0.5037359098228663 0.09364615384615384 0.112938808373591
8 0.3831769230769231 0.4991062801932367 0.1002 0.11575684380032207
8 0.27010769230769227 0.5019243156199678 0.08945384615384616 0.113341384863124
8 0.15954615384615384 0.5043397745571658 0.09523846153846154 0.10206924315619967
8 0.053592307692307696 0.5045410628019323 0.09487692307692308 0.11454911433172303
8 0.9471692307692308 0.3543558776167472 0.10126153846153844 0.11209339774557166
8 0.8310230769230769 0.3553623188405797 0.09974615384615383 0.1100805152979066
8 0.7216153846153847 0.35234299516908213 0.10014615384615384 0.11611916264090177
8 0.6045076923076923 0.35254428341384864 0.10055384615384615 0.11248792270531402
8 0.4950923076923077 0.35355072463768117 0.10095384615384616 0.11047504025764895
8 0.38433076923076925 0.3537520128824477 0.09481538461538462 0.10685185185185186
8 0.2679923076923077 0.3545571658615137 0.09676153846153847 0.1084621578099839
8 0.1583923076923077 0.3545571658615137 0.10062307692307693 0.1084621578099839
8 0.0534 0.3549597423510467 0.09833846153846154 0.1012157809983897
8 0.9465923076923076 0.20256038647342997 0.09626153846153847 0.10640901771336554
8 0.8344846153846154 0.2031642512077295 0.09897692307692307 0.11164251207729468
8 0.7221923076923077 0.204170692431562 0.10514615384615385 0.10962962962962963
8 0.6031615384615385 0.20578099838969405 0.1094 0.11285024154589372
8 0.4900923076923077 0.20215780998389696 0.09864615384615386 0.11365539452495974
8 0.3826 0.20779388083735909 0.0952 0.1088244766505636
8 0.2704923076923077 0.204573268921095 0.09791538461538463 0.10238325281803543
3 0.04974615384615385 0.19692431561996782 0.0994923076923077 0.12734299516908212
3 0.2754923076923077 0.058212560386473426 0.10022307692307691 0.11159420289855072
3 0.38414615384615386 0.05454911433172303 0.10170000000000001 0.10909822866344605
8 0.16109230769230767 0.0535426731078905 0.10166923076923076 0.107085346215781
8 0.49375384615384615 0.05454911433172303 0.10556923076923078 0.10909822866344605
8 0.6064384615384616 0.05152979066022544 0.10327692307692307 0.10305958132045089
8 0.7195076923076923 0.05253623188405797 0.10791538461538461 0.10507246376811594
8 0.8342999999999999 0.05376811594202899 0.09754615384615385 0.0985829307568438
8 0.949676923076923 0.05454911433172303 0.10064615384615384 0.10909822866344605
8 0.16108461538461538 0.20581320450885668 0.09831538461538462 0.11291465378421901