4 0.11015625 0.12421875 0.13125 0.06171875
4 0.303125 0.1234375 0.13046875 0.06484375
4 0.496875 0.12265625 0.12265625 0.0640625
4 0.696875 0.12421875 0.12109375 0.0578125
4 0.884375 0.1234375 0.1234375 0.05703125
4 0.1046875 0.23359375 0.12421875 0.06171875
4 0.303125 0.23515625 0.13046875 0.06484375
4 0.49140625 0.234375 0.1296875 0.0609375
4 0.6953125 0.23359375 0.1234375 0.059375
4 0.88671875 0.23359375 0.12421875 0.06015625
11 0.11015625 0.3421875 0.12109375 0.0625
11 0.3 0.34375 0.12890625 0.06328125
11 0.4984375 0.34375 0.13046875 0.0625
18 0.69296875 0.34140625 0.128125 0.06171875
11 0.8859375 0.34375 0.12265625 0.0625
11 0.10625 0.45234375 0.128125 0.0609375
11 0.3015625 0.453125 0.1265625 0.059375
11 0.5 0.453125 0.1234375 0.06015625
5 0.11015625 0.56328125 0.12578125 0.0625
7 0.30546875 0.56171875 0.12109375 0.0625
7 0.5 0.56171875 0.1234375 0.0625
7 0.6921875 0.56171875 0.13046875 0.06171875
7 0.88515625 0.56171875 0.13515625 0.0625
7 0.1109375 0.67109375 0.12734375 0.06328125
5 0.30390625 0.66953125 0.13203125 0.0609375
5 0.58203125 0.68359375 0.1265625 0.06171875
5 0.69296875 0.6703125 0.121875 0.0640625