17 0.0609375 0.50703125 0.115625 0.19609375
8 0.19921875 0.503125 0.11484375 0.196875
19 0.2640625 0.3359375 0.11171875 0.19140625
4 0.35234375 0.48984375 0.11015625 0.1953125
11 0.39453125 0.33828125 0.10625 0.18671875
9 0.69140625 0.33828125 0.1125 0.18671875
11 0.86640625 0.2046875 0.1046875 0.1625
12 0.46171875 0.2140625 0.1453125 0.2453125
9 0.9234375 0.47578125 0.1296875 0.0953125
1 0.0640625 0.21328125 0.1 0.19140625
8 0.19609375 0.2125 0.10625 0.18203125
1 0.3265625 0.21484375 0.0953125 0.19921875
1 0.60078125 0.21328125 0.09921875 0.1875