8 0.2546875 0.0671875 0.09140625 0.09296875
10 0.41640625 0.06484375 0.1078125 0.0921875
8 0.09921875 0.25625 0.09609375 0.09453125
8 0.26328125 0.25703125 0.10078125 0.09609375
3 0.4265625 0.25859375 0.09453125 0.1
3 0.58671875 0.253125 0.09765625 0.09765625
3 0.7515625 0.2546875 0.08984375 0.09140625
3 0.9109375 0.259375 0.09296875 0.0890625
8 0.90078125 0.06953125 0.09765625 0.09765625
8 0.7390625 0.065625 0.09453125 0.096875
8 0.57890625 0.06953125 0.09453125 0.09296875
3 0.09609375 0.471875 0.10234375 0.1015625
3 0.265625 0.47578125 0.0921875 0.09296875
3 0.42109375 0.471875 0.09921875 0.09375
8 0.5890625 0.4734375 0.09765625 0.09765625
19 0.746875 0.47578125 0.09453125 0.096875
8 0.91484375 0.47421875 0.1 0.0953125
8 0.1015625 0.6765625 0.08828125 0.103125
8 0.26484375 0.675 0.0984375 0.1
8 0.4234375 0.675 0.0953125 0.1
8 0.58984375 0.675 0.09140625 0.1
1 0.75078125 0.68125 0.11015625 0.10390625
1 0.91796875 0.6796875 0.103125 0.10625
1 0.09765625 0.8578125 0.13203125 0.103125
1 0.25859375 0.8546875 0.1203125 0.1
1 0.42109375 0.85703125 0.12578125 0.1140625
1 0.58359375 0.8609375 0.1171875 0.096875
1 0.74609375 0.85703125 0.12109375 0.10859375
1 0.9046875 0.8578125 0.1265625 0.11015625