8 0.39765625 0.5578125 0.18515625 0.31328125
8 0.60703125 0.55859375 0.1515625 0.25546875
1 0.6546875 0.125 0.1109375 0.15625
1 0.78046875 0.125 0.11484375 0.16015625
1 0.909375 0.12265625 0.11484375 0.15859375
1 0.0921875 0.8859375 0.14140625 0.16484375
1 0.20078125 0.76796875 0.12265625 0.1
1 0.3390625 0.7625 0.121875 0.1109375
1 0.47265625 0.76171875 0.12734375 0.10703125
1 0.61015625 0.76640625 0.1234375 0.09765625
1 0.6984375 0.77265625 0.13046875 0.12734375
8 0.1890625 0.86875 0.06484375 0.1015625
8 0.26015625 0.87421875 0.0640625 0.0859375
8 0.325 0.8890625 0.05546875 0.05625
8 0.3953125 0.87109375 0.05859375 0.08359375
8 0.465625 0.8734375 0.06328125 0.08828125
8 0.53671875 0.8734375 0.0625 0.08828125
8 0.61328125 0.91875 0.0921875 0.15390625
8 0.7140625 0.91796875 0.08515625 0.15546875
8 0.8125 0.91796875 0.08671875 0.15546875
1 0.91328125 0.83984375 0.11328125 0.16328125
1 0.51953125 0.19921875 0.30546875 0.3984375
8 0.06640625 0.1984375 0.05703125 0.09921875