4 0.11053333333333332 0.12400000000000001 0.1316 0.0616
4 0.30306666666666665 0.12333333333333334 0.1302 0.06466666666666666
4 0.497 0.12293333333333334 0.12226666666666666 0.0638
4 0.6968 0.12426666666666666 0.12126666666666668 0.057600000000000005
4 0.884 0.12380000000000001 0.12313333333333333 0.05673333333333333
4 0.10466666666666666 0.23373333333333335 0.1246 0.06186666666666666
4 0.30306666666666665 0.23506666666666665 0.1302 0.06453333333333333
4 0.49139999999999995 0.2343333333333333 0.12966666666666665 0.06073333333333333
4 0.6956 0.2334 0.12359999999999999 0.059
4 0.8870000000000001 0.23386666666666667 0.12453333333333333 0.05986666666666667
11 0.11006666666666667 0.34253333333333336 0.12140000000000001 0.06233333333333333
11 0.30006666666666665 0.34393333333333337 0.1288 0.063
11 0.49866666666666665 0.34353333333333336 0.13013333333333332 0.06213333333333333
21 0.6932666666666666 0.34106666666666663 0.12826666666666667 0.06166666666666667
11 0.8860666666666667 0.34353333333333336 0.1226 0.06213333333333333
11 0.10653333333333334 0.4523333333333333 0.12833333333333333 0.0606
11 0.3012 0.4529333333333333 0.12646666666666667 0.05946666666666667
11 0.5000666666666667 0.4533333333333333 0.12359999999999999 0.0604
5 0.1098 0.5630000000000001 0.12553333333333333 0.0626
7 0.30560000000000004 0.5619999999999999 0.12133333333333333 0.06286666666666667
7 0.5000666666666667 0.5619999999999999 0.12359999999999999 0.06286666666666667
7 0.6921333333333333 0.5615333333333333 0.1306 0.061933333333333326
7 0.8854 0.5619999999999999 0.13520000000000001 0.06286666666666667
7 0.11073333333333334 0.6707333333333333 0.12739999999999999 0.06333333333333334
5 0.304 0.6694 0.13206666666666667 0.06066666666666667
5 0.5821999999999999 0.6833333333333333 0.1264 0.06133333333333333
5 0.6926 0.6702 0.12219999999999999 0.0644